image_width: 1920
image_height: 1080
camera_name: head_camera
camera_matrix:
  rows: 3
  cols: 3
  data: [1216.976983608296, 0, 348.9582118292352, 0, 1211.842258054036, 144.8145409137822, 0, 0, 1]
distortion_model: plumb_bob
distortion_coefficients:
  rows: 1
  cols: 5
  data: [0.2647327878426384, -0.4054142813289698, -0.03259692460275035, -0.04342630761280956, 0]
rectification_matrix:
  rows: 3
  cols: 3
  data: [1, 0, 0, 0, 1, 0, 0, 0, 1]
projection_matrix:
  rows: 3
  cols: 4
  data: [1229.592529296875, 0, 331.0491064521993, 0, 0, 1255.113525390625, 138.1173138602844, 0, 0, 0, 1, 0]
